              precision    recall  f1-score   support

           0       0.72      0.65      0.68      2481
           1       0.83      0.50      0.62      1746
           2       0.77      0.74      0.76      1331
           3       0.82      0.70      0.76      2259
           4       0.77      0.66      0.71      1251
           5       0.88      0.94      0.91      6034
           6       0.90      0.86      0.88      6678
           7       0.80      0.73      0.76      1493
           8       0.75      0.91      0.82     10929
           9       0.85      0.85      0.85      1566
          10       0.79      0.76      0.77      2437
          11       0.86      0.82      0.84      1149
          12       0.93      0.92      0.92      1776
          13       0.74      0.67      0.70      2768
          14       0.76      0.61      0.68      2027

    accuracy                           0.81     45925
   macro avg       0.81      0.75      0.78     45925
weighted avg       0.81      0.81      0.81     45925
